5
1769 5719 12773 
8448 3432 9055 3267 5519 12101 8502 
11058 5480 382 8972 520 9851 10802 9067 3566 4288 5910 1265 1770 4308 
1769 10872 4589 4602 
11489 11008 135 
11
2365 7371 189 3337 3136 2860 9341 672 1770 12502 4136 11478 693 
6300 2011 1310 2432 10707 3445 2430 
4122 954 
10552 5552 2050 10713 4760 424 5261 
8748 1958 1770 2862 4604 
3836 1142 12101 3773 2234 9055 3550 6199 
6926 2234 8549 
3272 12672 5505 10347 12672 
2981 9221 7339 1770 10886 344 3447 9341 941 4545 10638 2147 3272 4110 4555 
8941 
1214 
6
8338 5719 1183 11755 10249 3432 3836 4604 1091 9799 2365 10927 2225 
1770 7145 8338 5304 
1091 5505 5691 329 1770 292 11514 12773 
892 10895 5976 4110 8712 
12607 
2972 6307 9813 10183 763 7164 4819 103 9485 
